[gd_scene load_steps=16 format=3 uid="uid://dogfu6gqafjju"]

[ext_resource type="Script" uid="uid://dra4qsjutfnsu" path="res://scripts/player.gd" id="1_3q3ku"]

[sub_resource type="ProceduralSkyMaterial" id="ProceduralSkyMaterial_5vp38"]

[sub_resource type="Sky" id="Sky_3q3ku"]
sky_material = SubResource("ProceduralSkyMaterial_5vp38")

[sub_resource type="Environment" id="Environment_vl1uy"]
background_mode = 2
sky = SubResource("Sky_3q3ku")

[sub_resource type="StandardMaterial3D" id="StandardMaterial3D_5kvxf"]
albedo_color = Color(0.11183337, 0.61, 0, 1)

[sub_resource type="PlaneMesh" id="PlaneMesh_5kvxf"]
material = SubResource("StandardMaterial3D_5kvxf")
size = Vector2(10, 10)

[sub_resource type="ConvexPolygonShape3D" id="ConvexPolygonShape3D_5vp38"]
points = PackedVector3Array(5.077377, 0.07933401, 5.077377, -5.077377, -0.07933401, -5.077377, -5.077377, 0.07933401, -5.077377, 5.077377, -0.07933401, -5.077377, -5.077377, -0.07933401, 5.077377, -5.077377, 0.07933401, 5.077377, 5.077377, 0.07933401, -5.077377, 5.077377, -0.07933401, 5.077377)

[sub_resource type="StandardMaterial3D" id="StandardMaterial3D_1amgx"]
transparency = 1
albedo_color = Color(0.39999998, 0.43999994, 1, 1)
emission_enabled = true
emission = Color(0, 0, 0.89, 1)
emission_energy_multiplier = 8.0

[sub_resource type="BoxMesh" id="BoxMesh_2isbp"]
material = SubResource("StandardMaterial3D_1amgx")
size = Vector3(0.5, 2, 10)

[sub_resource type="BoxShape3D" id="BoxShape3D_1amgx"]
size = Vector3(0.5, 2, 10)

[sub_resource type="SphereMesh" id="SphereMesh_5vp38"]

[sub_resource type="SphereShape3D" id="SphereShape3D_5vp38"]

[sub_resource type="StandardMaterial3D" id="StandardMaterial3D_5vp38"]
albedo_color = Color(1, 0.04000002, 0.04000002, 1)

[sub_resource type="CapsuleMesh" id="CapsuleMesh_qlfdg"]
material = SubResource("StandardMaterial3D_5vp38")

[sub_resource type="CapsuleShape3D" id="CapsuleShape3D_vl1uy"]

[node name="Word" type="Node3D"]

[node name="Camera3D" type="Camera3D" parent="."]
transform = Transform3D(-0.025811285, 0.19187915, -0.98107916, -0.011177264, 0.98128945, 0.19221437, 0.9996044, 0.015927095, -0.023183733, -7.251965, 2.4465759, -0.51412916)
current = true

[node name="WorldEnvironment" type="WorldEnvironment" parent="."]
environment = SubResource("Environment_vl1uy")

[node name="DirectionalLight3D" type="DirectionalLight3D" parent="."]
transform = Transform3D(0.004993428, -0.986709, -0.16242075, 0.021837024, -0.16227645, 0.9865037, -0.99974906, -0.008472821, 0.020736473, -0.140697, 5.9962764, -0.2924024)
shadow_enabled = true

[node name="floor" type="MeshInstance3D" parent="."]
mesh = SubResource("PlaneMesh_5kvxf")

[node name="StaticBody3D" type="StaticBody3D" parent="floor"]

[node name="CollisionShape3D" type="CollisionShape3D" parent="floor/StaticBody3D"]
shape = SubResource("ConvexPolygonShape3D_5vp38")

[node name="StaticBody3D" type="StaticBody3D" parent="."]
metadata/_edit_group_ = true

[node name="wall" type="MeshInstance3D" parent="StaticBody3D"]
transform = Transform3D(0.9999457, 0.010419436, 0, -0.010419436, 0.9999457, 0, 0, 0, 1, -0.09747982, 1.0353072, 0.005678892)
mesh = SubResource("BoxMesh_2isbp")
skeleton = NodePath("../..")

[node name="CollisionShape3D" type="CollisionShape3D" parent="StaticBody3D"]
transform = Transform3D(1, 0, 0, 0, 1, 0, 0, 0, 1, -0.097, 1.035, 0.006)
shape = SubResource("BoxShape3D_1amgx")

[node name="ball" type="RigidBody3D" parent="."]
transform = Transform3D(1, 0, 0, 0, 1, 0, 0, 0, 1, -3.1035097, 2.5991802, 0)
metadata/_edit_group_ = true

[node name="MeshInstance3D" type="MeshInstance3D" parent="ball"]
mesh = SubResource("SphereMesh_5vp38")

[node name="CollisionShape3D" type="CollisionShape3D" parent="ball"]
shape = SubResource("SphereShape3D_5vp38")

[node name="ball2" type="RigidBody3D" parent="."]
transform = Transform3D(1, 0, 0, 0, 0.99984187, -0.017783968, 0, 0.017783968, 0.99984187, -3.1035097, 4.3803825, 0.6848117)
metadata/_edit_group_ = true

[node name="MeshInstance3D" type="MeshInstance3D" parent="ball2"]
mesh = SubResource("SphereMesh_5vp38")

[node name="CollisionShape3D" type="CollisionShape3D" parent="ball2"]
shape = SubResource("SphereShape3D_5vp38")

[node name="player" type="CharacterBody3D" parent="."]
transform = Transform3D(1, 0, 0, 0, -0.9964621, -0.084043145, 0, 0.084043145, -0.9964621, -4.118943, 2.170977, -0.12844878)
script = ExtResource("1_3q3ku")
metadata/_edit_group_ = true

[node name="mash_player" type="MeshInstance3D" parent="player"]
mesh = SubResource("CapsuleMesh_qlfdg")
skeleton = NodePath("../..")

[node name="CollisionShape3D" type="CollisionShape3D" parent="player"]
shape = SubResource("CapsuleShape3D_vl1uy")
